Ο 18818811 7818811381). 221

11310 v 31118 8881 881 31181 8 11188811 31181. Α 11838 88 11818811
3181 31181,1ο 8113 818810 111888 v tom prutu 11888 31818187811188
3110187811, 8 31181 118118 miti v 80118 11818 101181 8 3181188818 101181,
8 1811 v 311818 118118 th· 118188 31181 8 311111118ὴό80 818 311111. A
11838 88 11818811 tri 311813, 10 818811 11888 ἔτυφτζ 8 181118 ν 8111111
3181118818 31181, 8 181118 ve 8111111 8811181188818 8 3181 81ον8788, 8
v 8111111 bude 111 118188 3181111· 8118110 818 101181, 8 1811 118118 ve
8111111 (levet 11818 8 3111131818 818 3118111837 88 88111811 81313·
8111111, 10 818811118118 mn, a 1· 18118 118118 (11188881 311818, 8
118118 1· 18811 88888818 31181, 8 11888 v 1888 tri 818 3110187811,
8 118118 v 1888 81188881 11818 101181 8 8881 881101181, 8 1811 88
11081888 v 18118 11188811 8 88818 11818 311111 8 0818 881 3)ί(1)’.’

ΖάΙιοιι 1187113 8113 mel 8881)) brazd 8 8181130811) 1118711 8
1811 1· 118788 1811118 1011 8113· 11310 ve dvau 7811081811 31818881
1118711.

V 18118 80111811) 1018818 1118101811818 at 3881 11188881 1103)
78110811, v 18118 11887811818 11018811) aby 11310 3818811818 1103)
78110811, 1118118 3188811811) neb 781888811818 8101108888) 813881
88881 kop 7811088, v 18118 8881811818 3118111811) at jest 08111 11031
781101111; 8 1811 1· 11181011811811) 181111 118118 [181 11818 1)) 878 8 81313
818 1)1·878,1·118878118111 18811 118118 1··1313 118188 1118711, 88181 881
8 3181188818 111878, v 7881811811811) 181111 8101108888) 181118 01313
118188 1118711 8 3181 881 111878, v 8881811811) 18811 310118810111118
1111118 111 118188 1118711 8 §est 881 1118711.

Ρο8818117 Η31811 11 1118118 3888 1110881381, 0113883 maji 3111318
11811183 107118183188, 18318181) 8 810888381811 sobe 78888881811,718
31118183, 8113 111188 8111 3110 088078, 81)3 1018831111811 18011138
1103118381 8811811 3118 11311813, 181183 88 18818381 11811188 musi 88
1188818 siti. 8 88 1188108888 883118881 3110 1131138811. A 1811 18188
88 8111 na 11ηέ88113 811 1181118881) 1181181 888 na 11181018113·,81) 8 88
781888811381) 38818 118881, 8 88 8881811381) 8133118881, 31101088 3881
88318888. Α 1811 1131011118 88, 8113 88 181) 11181018113, 1111878113,
zemansk5 i sedlsk5 3811808183ηέ 3181110, 88118881 8 81313 81138113·
31888188.

Ρο8118318 pak 88 110113, hony 3881 3181 31101787οῆ meli, 8
118118 v honech 8118 818 8 88881 101181, 8 1811 v 11088811 118118
8881 set 311111 8 11111881 3)181; 110188110 31111888 18118 8113 11310
181188,1811 8113 88 v 11011881) 88118881811181 011181110. V 1)ιίΙί 8113
11310 88888818 110811, 8 1811 11888 1118111 111 818 3110118788, 8 118118
v 81111 (11188881 11818 101181 8 8881 881 101181; 8 1811 v 18111 hudo
11188811 8 881118 11818 8 0818 881 311111.

Rybnikz'ti'sk5 pak provazec 187 188 11311 88 311878113- tiri
3111181 101181 11181·,81) 818 118188 11311 11711811 nez 88 81818878111118

10118ἆιω ῗῖὓὶόνΐ po 11888818 3110118781, 111137 so 18811, 8113 11310
88

